Starting Dynare (version 5.2).
Calling Dynare with arguments: none
Starting preprocessing of the model file ...
WARNING: in the 'steady_state_model' block, variable 'ewma' is not assigned a value
WARNING: in the 'steady_state_model' block, variable 'epinfma' is not assigned a value
WARNING: in the 'steady_state_model' block, variable 'zcapf' is not assigned a value
WARNING: in the 'steady_state_model' block, variable 'rkf' is not assigned a value
WARNING: in the 'steady_state_model' block, variable 'kf' is not assigned a value
WARNING: in the 'steady_state_model' block, variable 'pkf' is not assigned a value
WARNING: in the 'steady_state_model' block, variable 'cf' is not assigned a value
WARNING: in the 'steady_state_model' block, variable 'invef' is not assigned a value
WARNING: in the 'steady_state_model' block, variable 'yf' is not assigned a value
WARNING: in the 'steady_state_model' block, variable 'labf' is not assigned a value
WARNING: in the 'steady_state_model' block, variable 'wf' is not assigned a value
WARNING: in the 'steady_state_model' block, variable 'rrf' is not assigned a value
WARNING: in the 'steady_state_model' block, variable 'mc' is not assigned a value
WARNING: in the 'steady_state_model' block, variable 'zcap' is not assigned a value
WARNING: in the 'steady_state_model' block, variable 'rk' is not assigned a value
WARNING: in the 'steady_state_model' block, variable 'k' is not assigned a value
WARNING: in the 'steady_state_model' block, variable 'pk' is not assigned a value
WARNING: in the 'steady_state_model' block, variable 'c' is not assigned a value
WARNING: in the 'steady_state_model' block, variable 'inve' is not assigned a value
WARNING: in the 'steady_state_model' block, variable 'y' is not assigned a value
WARNING: in the 'steady_state_model' block, variable 'lab' is not assigned a value
WARNING: in the 'steady_state_model' block, variable 'pinf' is not assigned a value
WARNING: in the 'steady_state_model' block, variable 'w' is not assigned a value
WARNING: in the 'steady_state_model' block, variable 'r' is not assigned a value
WARNING: in the 'steady_state_model' block, variable 'a' is not assigned a value
WARNING: in the 'steady_state_model' block, variable 'b' is not assigned a value
WARNING: in the 'steady_state_model' block, variable 'g' is not assigned a value
WARNING: in the 'steady_state_model' block, variable 'qs' is not assigned a value
WARNING: in the 'steady_state_model' block, variable 'ms' is not assigned a value
WARNING: in the 'steady_state_model' block, variable 'spinf' is not assigned a value
WARNING: in the 'steady_state_model' block, variable 'sw' is not assigned a value
WARNING: in the 'steady_state_model' block, variable 'kpf' is not assigned a value
WARNING: in the 'steady_state_model' block, variable 'kp' is not assigned a value
WARNING: in the 'steady_state_model' block, variable 'wBN' is not assigned a value
Substitution of Expectation operator: added 1 auxiliary variables and equations.
Found 42 equation(s).
Evaluating expressions...done
Computing static model derivatives (order 1).
Computing dynamic model derivatives (order 2).
Processing outputs ...
done
Preprocessing completed.

[Warning: Some of the parameters have no value (ccs, cinvs, crdpi) when using stoch_simul. If these parameters are not initialized in a steadystate file or a steady_state_model-block, Dynare may not be able to solve the model.
Note that simul, perfect_foresight_setup, and perfect_foresight_solver do not automatically call the steady state file.] 

MODEL SUMMARY

  Number of variables:         42
  Number of stochastic shocks: 8
  Number of state variables:   22
  Number of jumpers:           13
  Number of static variables:  13


MATRIX OF COVARIANCE OF EXOGENOUS SHOCKS
Variables          ea        eb        eg       eqs        em     epinf        ew     eps_s
ea           0.384400  0.000000  0.000000  0.000000  0.000000  0.000000  0.000000  0.000000
eb           0.000000  1.562500  0.000000  0.000000  0.000000  0.000000  0.000000  0.000000
eg           0.000000  0.000000  0.160000  0.000000  0.000000  0.000000  0.000000  0.000000
eqs          0.000000  0.000000  0.000000  0.302500  0.000000  0.000000  0.000000  0.000000
em           0.000000  0.000000  0.000000  0.000000  0.022500  0.000000  0.000000  0.000000
epinf        0.000000  0.000000  0.000000  0.000000  0.000000  0.040000  0.000000  0.000000
ew           0.000000  0.000000  0.000000  0.000000  0.000000  0.000000  0.067600  0.000000
eps_s        0.000000  0.000000  0.000000  0.000000  0.000000  0.000000  0.000000  0.000000

POLICY AND TRANSITION FUNCTIONS
                               labobs            robs         pinfobs              dy              dc           dinve              dw            ewma         epinfma           zcapf             rkf              kf             pkf              cf           invef              yf            labf              wf             rrf              mc            zcap              rk               k              pk               c            inve               y             lab            pinf               w               r               a               b               g              qs              ms           spinf              sw             kpf              kp             wBN
Constant                            0        2.064340        0.950000        0.400000        0.400000        0.400000        0.400000               0               0               0               0               0               0               0               0               0               0               0               0               0               0               0               0               0               0               0               0               0               0               0               0               0               0               0               0               0               0               0               0               0               0
ewma(-1)                     0.021967       -0.014312       -0.034460       -0.010413        0.012551        0.030323       -0.330150               0               0               0               0               0               0               0               0               0               0               0               0       -0.302554       -0.123273       -0.184910       -0.123273       -0.009185        0.012551        0.030323       -0.010413        0.021967       -0.034460       -0.330150       -0.014312               0               0               0               0               0               0       -0.200000               0        0.000876        0.034460
epinfma(-1)                  0.023123       -0.115716       -0.417526        0.097860        0.057991        0.163553        0.426453               0               0               0               0               0               0               0               0               0               0               0               0        0.396678        0.179830        0.269745        0.179830        0.476247        0.057991        0.163553        0.097860        0.023123       -0.417526        0.426453       -0.115716               0               0               0               0               0       -0.400000               0               0        0.004724        0.417526
yf(-1)                      -0.071044        0.209570       -0.030580       -0.116930       -0.109214       -0.251243       -0.003419               0               0               0               0               0               0               0               0               0               0               0               0       -0.011258       -0.029785       -0.044678       -0.029785       -0.780663       -0.109214       -0.251243       -0.116930       -0.071044       -0.030580       -0.003419        0.209570               0               0               0               0               0               0               0               0       -0.007257        0.030580
y(-1)                        0.071044       -0.209570        0.030580       -0.883070        0.109214        0.251243        0.003419               0               0               0               0               0               0               0               0               0               0               0               0        0.011258        0.029785        0.044678        0.029785        0.780663        0.109214        0.251243        0.116930        0.071044        0.030580        0.003419       -0.209570               0               0               0               0               0               0               0               0        0.007257       -0.030580
r(-1)                       -0.241551        0.712537       -0.103973       -0.397561       -0.371327       -0.854226       -0.011624               0               0               0               0               0               0               0               0               0               0               0               0       -0.038278       -0.101270       -0.151905       -0.101270       -2.654253       -0.371327       -0.854226       -0.397561       -0.241551       -0.103973       -0.011624        0.712537               0               0               0               0               0               0               0               0       -0.024674        0.103973
a(-1)                       -1.035426       -0.158739       -0.143461        0.158967        0.165130        0.746832        0.175205               0               0        0.127005        0.190508        0.127005        4.100134        0.546792        1.298295        0.587399       -0.860022        1.177535       -1.672652       -0.946149       -0.344088       -0.516133       -0.344088        0.844066        0.165130        0.746832        0.158967       -1.035426       -0.143461        0.175205       -0.158739        0.990000               0               0               0               0               0               0        0.037501        0.021572        0.143461
b(-1)                        1.209858        0.575493        0.181894        1.996518        2.144867        3.050822        0.095593               0               0               0               0               0               0               0               0               0               0               0        9.541304        0.226252        0.522180        0.783270        0.522180       16.674415        2.144867        3.050822        1.996518        1.209858        0.181894        0.095593        0.575493               0        0.550000               0               0               0               0               0               0        0.088121       -0.181894
g(-1)                        0.592776        0.048220        0.026844        0.970828       -0.049800       -0.199970       -0.005623               0               0        0.177027        0.265540        0.177027       -1.459248       -0.205714       -0.442485        0.818749        0.504854       -0.062287        0.615553        0.062381        0.234861        0.352292        0.234861       -0.245949       -0.049800       -0.199970        0.970828        0.592776        0.026844       -0.005623        0.048220               0               0        0.990000               0               0               0               0       -0.012781       -0.005776       -0.026844
qs(-1)                       0.253543        0.049763        0.024888        0.419690        0.070296        2.297735        0.029218               0               0        0.056012        0.084018        0.056012       -1.944668       -0.065088        1.908759        0.259055        0.159738       -0.019708        0.057256        0.055901        0.113104        0.169656        0.113104       -1.023708        0.070296        2.297735        0.419690        0.253543        0.024888        0.029218        0.049763               0               0               0        0.650000               0               0               0        0.338026        0.349262       -0.024888
kpf(-1)                      0.007250        0.005503        0.005280        0.011888        0.009593        0.032278        0.000026               0               0       -0.400554       -0.600831        0.599446        0.510250        0.080602        0.129322       -0.002562       -0.142321        0.140936       -0.243867        0.000850        0.002910        0.004366        0.002910        0.060894        0.009593        0.032278        0.011888        0.007250        0.005280        0.000026        0.005503               0               0               0               0               0               0               0        0.974851        0.000932       -0.005280
kp(-1)                      -0.181624       -0.032208       -0.031385       -0.083945        0.007917       -0.006318        0.020298               0               0               0               0               0               0               0               0               0               0               0               0       -0.115950       -0.464530       -0.696795        0.535470       -0.061104        0.007917       -0.006318       -0.083945       -0.181624       -0.031385        0.020298       -0.032208               0               0               0               0               0               0               0               0        0.970933        0.031385
wBN(-1)                             0               0               0               0               0               0               0               0               0               0               0               0               0               0               0               0               0               0               0               0               0               0               0               0               0               0               0               0               0               0               0               0               0               0               0               0               0               0               0               0        0.800000
EXPECTATION(-1)(...)                0               0               0               0               0               0               0               0               0               0               0               0               0               0               0               0               0               0               0               0               0               0               0               0               0               0               0               0               0               0               0               0               0               0               0               0               0               0               0               0        1.000000
cf(-1)                       0.006959       -0.108047       -0.004051        0.011603        0.015749        0.003022        0.001399               0               0        0.092085        0.138128        0.092085       -1.666781        0.709725       -0.425558        0.425895        0.262614       -0.032400        0.731885        0.002086        0.003343        0.005015        0.003343        0.137568        0.015749        0.003022        0.011603        0.006959       -0.004051        0.001399       -0.108047               0               0               0               0               0               0               0       -0.012292        0.000087        0.004051
invef(-1)                    0.002885       -0.025713        0.000101        0.004765        0.005402        0.006031        0.000253               0               0        0.022650        0.033974        0.022650       -0.508542       -0.026320        0.771845        0.104754        0.064593       -0.007969        0.183621        0.000563        0.001255        0.001883        0.001255        0.043198        0.005402        0.006031        0.004765        0.002885        0.000101        0.000253       -0.025713               0               0               0               0               0               0               0        0.022294        0.000174       -0.000101
c(-1)                        0.356514        0.158165        0.022423        0.584845       -0.127408       -0.161056        0.003429               0               0               0               0               0               0               0               0               0               0               0               0        0.043811        0.143977        0.215966        0.143977       -0.415594        0.872592       -0.161056        0.584845        0.356514        0.022423        0.003429        0.158165               0               0               0               0               0               0               0               0       -0.004652       -0.022423
inve(-1)                     0.090191        0.039870        0.004991        0.148291        0.017322       -0.152130        0.003267               0               0               0               0               0               0               0               0               0               0               0               0        0.013300        0.037383        0.056075        0.037383       -0.177809        0.017322        0.847870        0.148291        0.090191        0.004991        0.003267        0.039870               0               0               0               0               0               0               0               0        0.024490       -0.004991
pinf(-1)                    -0.046123        0.062901        0.196789       -0.013653       -0.040968       -0.106631        0.440594               0               0               0               0               0               0               0               0               0               0               0               0        0.401850        0.157788        0.236682        0.157788       -0.139309       -0.040968       -0.106631       -0.013653       -0.046123        0.196789        0.440594        0.062901               0               0               0               0               0               0               0               0       -0.003080       -0.196789
w(-1)                       -0.055109        0.035904        0.086451        0.026124       -0.031487       -0.076072       -0.171742               0               0               0               0               0               0               0               0               0               0               0               0        0.759028        0.309260        0.463889        0.309260        0.023043       -0.031487       -0.076072        0.026124       -0.055109        0.086451        0.828258        0.035904               0               0               0               0               0               0               0               0       -0.002197       -0.086451
ea                          -0.836318       -0.143295       -0.135420        0.503795        0.149192        0.683679        0.174987               0               0        0.190873        0.286310        0.190873        3.625654        0.479588        1.154975        0.882789       -0.690225        1.167409       -1.471928       -0.933652       -0.264532       -0.396799       -0.264532        0.765640        0.149192        0.683679        0.503795       -0.836318       -0.135420        0.174987       -0.143295        1.000000               0        0.350000               0               0               0               0        0.033361        0.019748        0.135420
eb                           2.199741        1.046350        0.330716        3.630033        3.899758        5.546950        0.173805               0               0               0               0               0               0               0               0               0               0               0       17.347826        0.411367        0.949419        1.424128        0.949419       30.317119        3.899758        5.546950        3.630033        2.199741        0.330716        0.173805        1.046350               0        1.000000               0               0               0               0               0               0        0.160221       -0.330716
eg                           0.598763        0.048707        0.027115        0.980634       -0.050303       -0.201990       -0.005680               0               0        0.178815        0.268223        0.178815       -1.473988       -0.207792       -0.446955        0.827020        0.509954       -0.062916        0.621771        0.063011        0.237233        0.355850        0.237233       -0.248434       -0.050303       -0.201990        0.980634        0.598763        0.027115       -0.005680        0.048707               0               0        1.000000               0               0               0               0       -0.012910       -0.005834       -0.027115
eqs                          0.390066        0.076559        0.038289        0.645677        0.108147        3.534978        0.044950               0               0        0.086172        0.129258        0.086172       -2.991798       -0.100136        2.936552        0.398546        0.245750       -0.030320        0.088087        0.086002        0.174006        0.261010        0.174006       -1.574936        0.108147        3.534978        0.645677        0.390066        0.038289        0.044950        0.076559               0               0               0        1.000000               0               0               0        0.520040        0.537326       -0.038289
em                          -0.284178        0.838279       -0.122321       -0.467719       -0.436856       -1.004972       -0.013675               0               0               0               0               0               0               0               0               0               0               0               0       -0.045032       -0.119141       -0.178712       -0.119141       -3.122651       -0.436856       -1.004972       -0.467719       -0.284178       -0.122321       -0.013675        0.838279               0               0               0               0        1.000000               0               0               0       -0.029028        0.122321
epinf                       -0.019457        0.193175        0.668934       -0.126565       -0.083342       -0.119782       -0.673350               0        1.000000               0               0               0               0               0               0               0               0               0               0       -0.624394       -0.277123       -0.415684       -0.277123       -0.742660       -0.083342       -0.119782       -0.126565       -0.019457        0.668934       -0.673350        0.193175               0               0               0               0               0        1.000000               0               0       -0.003460       -0.668934
ew                          -0.085464        0.051136        0.110066        0.054327       -0.045218       -0.092222        1.382724        1.000000               0               0               0               0               0               0               0               0               0               0               0        1.267894        0.518904        0.778356        0.518904        0.018282       -0.045218       -0.092222        0.054327       -0.085464        0.110066        1.382724        0.051136               0               0               0               0               0               0        1.000000               0       -0.002664       -0.110066
eps_s                               0               0               0               0               0               0               0               0               0               0               0               0               0               0               0               0               0               0               0               0               0               0               0               0               0               0               0               0               0               0               0               0               0               0               0               0               0               0               0               0        1.000000


MOMENTS OF SIMULATED VARIABLES
VARIABLE              MEAN       STD. DEV.        VARIANCE        SKEWNESS        KURTOSIS
labobs            5.512395       10.157664      103.178128        0.013909       -0.903040
robs              4.440108        4.337474       18.813679       -0.060798       -0.771212
pinfobs           1.731990        1.168423        1.365212       -0.088330       -0.813156
dy                0.650911        5.712017       32.627135       -0.322022       -0.008516
dc                0.676170        6.198026       38.415530       -0.310980        0.127399
dinve             0.493696        8.310559       69.065389       -0.256051       -0.332349
dw                0.425826        0.756994        0.573040       -0.047999        0.342936
ewma              0.010494        0.260946        0.068093        0.269885        0.056217
epinfma          -0.019613        0.214408        0.045971        0.052986        1.347351
zcapf             1.967726        1.228424        1.509027        0.126112       -1.039843
rkf               2.951589        1.842637        3.395310        0.126112       -1.039843
kf               -6.589049        2.507287        6.286486       -0.160214       -1.139782
pkf              -0.075442        3.330445       11.091865       -0.146986       -0.538254
cf               -7.088806        2.151263        4.627933        0.395030       -0.767132
invef           -10.053073        6.633944       44.009217        0.420891       -0.823131
yf               -6.729300        2.027975        4.112684        0.537000       -0.434627
labf              1.209426        0.756975        0.573011       -0.025276       -0.747640
wf               -4.846886        1.468211        2.155645        0.697648       -0.341277
rrf               7.551159       27.445548      753.258098       -0.232211        0.163328
mc                2.816584        3.386857       11.470799       -0.166061       -0.825305
zcap              4.639271        4.681380       21.915317       -0.181810       -1.125068
rk                6.958906        7.022070       49.309463       -0.181810       -1.125068
k                -3.756120        5.855764       34.289976        0.047222       -0.788344
pk                8.390387       45.598551     2079.227834       -0.245356        0.106685
c                 2.874254       19.135616      366.171782        0.235842       -0.665194
inve             -8.157996       21.633899      468.025605       -0.424726        0.323571
y                 0.714474       16.792653      281.993200        0.010415       -0.745588
lab               5.512395       10.157664      103.178128        0.013909       -0.903040
pinf              0.781990        1.168423        1.365212       -0.088330       -0.813156
w                -2.309610        2.986254        8.917713       -0.248631       -0.840760
r                 2.375768        4.337474       18.813679       -0.060798       -0.771212
a                -3.365175        1.027999        1.056781        0.779625        0.008492
b                 0.418871        1.585257        2.513039       -0.227490        0.152137
g                -0.837135        1.353686        1.832465        0.507774       -0.522630
qs               -0.082719        0.580592        0.337087        0.281167       -0.855447
ms                0.027638        0.151102        0.022832        0.081109        0.048618
spinf            -0.012251        0.214703        0.046097        0.226367        0.531319
sw                0.008014        0.256382        0.065732        0.124568        0.074778
kpf              -8.635996        3.615617       13.072690       -0.204369       -1.137723
kp               -8.424535        3.943317       15.549747       -0.620403       -0.545206
wBN              -0.241173        0.762074        0.580757        0.363086       -0.518864


CORRELATION OF SIMULATED VARIABLES
VARIABLE     labobs     robs  pinfobs       dy       dc    dinve       dw     ewma  epinfma    zcapf      rkf       kf      pkf       cf    invef       yf     labf       wf      rrf       mc     zcap       rk        k       pk        c     inve        y      lab     pinf        w        r        a        b        g       qs       ms    spinf       sw      kpf       kp      wBN
labobs       1.0000   0.9917   0.9752   0.1903   0.2718  -0.0683   0.7052  -0.0789  -0.1933   0.3536   0.3536  -0.3136  -0.0344  -0.3934  -0.1404  -0.1230   0.3192  -0.2564   0.5644   0.8199   0.9790   0.9790   0.8326   0.3756   0.9772   0.8707   0.9885   1.0000   0.9752   0.5331   0.9917  -0.1762   0.5627   0.2771   0.1026  -0.0469  -0.1213  -0.0632  -0.3281   0.2166  -0.7477
robs         0.9917   1.0000   0.9588   0.2736   0.3561   0.0046   0.7518  -0.0605  -0.1871   0.3094   0.3094  -0.2555  -0.0040  -0.3529  -0.1062  -0.0644   0.2764  -0.1906   0.6322   0.7701   0.9667   0.9667   0.8140   0.4511   0.9594   0.9170   0.9857   0.9917   0.9588   0.4961   1.0000  -0.1151   0.6316   0.3039   0.0745  -0.0179  -0.1186  -0.0485  -0.2746   0.2095  -0.7946
pinfobs      0.9752   0.9588   1.0000   0.1573   0.2308  -0.0672   0.6142  -0.0391  -0.0958   0.3767   0.3767  -0.3462  -0.0751  -0.4718  -0.0902  -0.1587   0.3479  -0.2979   0.5275   0.8784   0.9568   0.9568   0.8555   0.3440   0.9675   0.7961   0.9643   0.9752   1.0000   0.6102   0.9588  -0.2163   0.5255   0.2650   0.1486  -0.0598  -0.0030  -0.0275  -0.3518   0.2663  -0.7050
dy           0.1903   0.2736   0.1573   1.0000   0.9904   0.9373   0.5127  -0.0444  -0.0673  -0.0038  -0.0038   0.0054   0.1710   0.0041  -0.1075   0.0060  -0.0428   0.0266   0.9114  -0.2133   0.1966   0.1966  -0.1068   0.9735   0.0711   0.4637   0.1627   0.1903   0.1573  -0.3946   0.2736   0.0294   0.9130   0.0859  -0.1909   0.0310  -0.0871  -0.0324  -0.0141  -0.3194  -0.6536
dc           0.2718   0.3561   0.2308   0.9904   1.0000   0.8973   0.5640  -0.0616  -0.0814  -0.0083  -0.0083   0.0080   0.1850   0.0080  -0.1259   0.0043  -0.0401   0.0239   0.9460  -0.1550   0.2706   0.2706  -0.0345   0.9901   0.1525   0.5440   0.2449   0.2718   0.2308  -0.3557   0.3561   0.0248   0.9472   0.0938  -0.2321   0.0242  -0.0914  -0.0503  -0.0148  -0.2904  -0.7126
dinve       -0.0683   0.0046  -0.0672   0.9373   0.8973   1.0000   0.2753  -0.0433  -0.0127  -0.0114  -0.0114  -0.0075   0.0707  -0.0163  -0.0276  -0.0364  -0.0419  -0.0056   0.7498  -0.3610  -0.0446  -0.0446  -0.3124   0.8609  -0.1779   0.1899  -0.1013  -0.0683  -0.0672  -0.4853   0.0046  -0.0103   0.7507  -0.0146  -0.0437   0.0516  -0.0567  -0.0307  -0.0058  -0.3718  -0.4351
dw           0.7052   0.7518   0.6142   0.5127   0.5640   0.2753   1.0000   0.3356  -0.2016   0.1861   0.1861  -0.1284   0.1330  -0.1480  -0.0894   0.0192   0.0694  -0.0214   0.7013   0.3555   0.7025   0.7025   0.4455   0.5999   0.6299   0.8344   0.6982   0.7052   0.6142   0.1267   0.7518   0.0386   0.7051   0.2205  -0.0202  -0.0159  -0.2326   0.3715  -0.1540  -0.0365  -0.7740
ewma        -0.0789  -0.0605  -0.0391  -0.0444  -0.0616  -0.0433   0.3356   1.0000   0.2226  -0.0205  -0.0205   0.1028  -0.1653  -0.0853   0.2600   0.2006   0.0979   0.0993  -0.0835   0.0498  -0.0469  -0.0469  -0.0085  -0.0880  -0.0969  -0.0017  -0.0603  -0.0789  -0.0391   0.1414  -0.0605   0.1079  -0.0858   0.1997   0.1512  -0.0477   0.1964   0.9802   0.1003   0.0511  -0.0537
epinfma     -0.1933  -0.1871  -0.0958  -0.0673  -0.0814  -0.0127  -0.2016   0.2226   1.0000   0.0566   0.0566  -0.0218   0.0840  -0.0394  -0.0656   0.0452   0.0229   0.0219  -0.1415  -0.2063  -0.1643  -0.1643  -0.2296  -0.1072  -0.2182  -0.1811  -0.1983  -0.1933  -0.0958  -0.1792  -0.1871   0.0446  -0.1374   0.1489   0.0107  -0.0385   0.9199   0.1937  -0.0361  -0.1698  -0.0612
zcapf        0.3536   0.3094   0.3767  -0.0038  -0.0083  -0.0114   0.1861  -0.0205   0.0566   1.0000   1.0000  -0.9178  -0.0105  -0.7538  -0.2891  -0.4182   0.5126  -0.5766   0.1062   0.3412   0.5271   0.5271   0.0058   0.0474   0.2846   0.1141   0.2842   0.3536   0.3767   0.0483   0.3094  -0.3264   0.1069   0.2168   0.2257   0.0100   0.0343  -0.0171  -0.9475  -0.5668  -0.2580
rkf          0.3536   0.3094   0.3767  -0.0038  -0.0083  -0.0114   0.1861  -0.0205   0.0566   1.0000   1.0000  -0.9178  -0.0105  -0.7538  -0.2891  -0.4182   0.5126  -0.5766   0.1062   0.3412   0.5271   0.5271   0.0058   0.0474   0.2846   0.1141   0.2842   0.3536   0.3767   0.0483   0.3094  -0.3264   0.1069   0.2168   0.2257   0.0100   0.0343  -0.0171  -0.9475  -0.5668  -0.2580
kf          -0.3136  -0.2555  -0.3462   0.0054   0.0080  -0.0075  -0.1284   0.1028  -0.0218  -0.9178  -0.9178   1.0000  -0.0095   0.7840   0.4750   0.7446  -0.4771   0.8019  -0.0971  -0.3077  -0.4714  -0.4714   0.0674  -0.0527  -0.2410  -0.0259  -0.2063  -0.3136  -0.3462   0.0905  -0.2555   0.6151  -0.0964   0.0866  -0.1589   0.0688  -0.0175   0.0839   0.9903   0.6264   0.1858
pkf         -0.0344  -0.0040  -0.0751   0.1710   0.1850   0.0707   0.1330  -0.1653   0.0840  -0.0105  -0.0105  -0.0095   1.0000   0.3023  -0.3732  -0.0394  -0.6886   0.3256   0.1262  -0.3007  -0.0328  -0.0328  -0.1450   0.1964   0.0007   0.0121  -0.0067  -0.0344  -0.0751  -0.2444  -0.0040   0.3731   0.1566  -0.0981  -0.6750  -0.0896   0.0849  -0.1571  -0.0699  -0.2127  -0.0542
cf          -0.3934  -0.3529  -0.4718   0.0041   0.0080  -0.0163  -0.1480  -0.0853  -0.0394  -0.7538  -0.7538   0.7840   0.3023   1.0000   0.1222   0.5263  -0.6969   0.7522  -0.1305  -0.5384  -0.5144  -0.5144  -0.1724  -0.0506  -0.3115  -0.1290  -0.3082  -0.3934  -0.4718  -0.2094  -0.3529   0.6135  -0.1245  -0.2334  -0.4325   0.0362  -0.0265  -0.0677   0.7530   0.2963   0.2668
invef       -0.1404  -0.1062  -0.0902  -0.1075  -0.1259  -0.0276  -0.0894   0.2600  -0.0656  -0.2891  -0.2891   0.4750  -0.3732   0.1222   1.0000   0.6003  -0.2051   0.5540  -0.1552   0.0815  -0.1994  -0.1994   0.2273  -0.1620  -0.0556   0.0465  -0.0380  -0.1404  -0.0902   0.4547  -0.1062   0.5424  -0.1547   0.0704   0.4664   0.1777  -0.0510   0.2209   0.5008   0.5949   0.2296
yf          -0.1230  -0.0644  -0.1587   0.0060   0.0043  -0.0364   0.0192   0.2006   0.0452  -0.4182  -0.4182   0.7446  -0.0394   0.5263   0.6003   1.0000  -0.2296   0.8650  -0.0435  -0.1303  -0.1921  -0.1921   0.1640  -0.0408  -0.0729   0.1325   0.0058  -0.1230  -0.1587   0.2882  -0.0644   0.8582  -0.0408   0.5625   0.0159   0.1740   0.0177   0.1632   0.6723   0.4800  -0.0087
labf         0.3192   0.2764   0.3479  -0.0428  -0.0401  -0.0419   0.0694   0.0979   0.0229   0.5126   0.5126  -0.4771  -0.6886  -0.6969  -0.2051  -0.2296   1.0000  -0.6870   0.0906   0.4512   0.4083   0.4083   0.1370  -0.0061   0.2049   0.1086   0.2359   0.3192   0.3479   0.1430   0.2764  -0.6201   0.0642   0.4602   0.4056   0.0115  -0.0071   0.0873  -0.4730  -0.2299  -0.3043
wf          -0.2564  -0.1906  -0.2979   0.0266   0.0239  -0.0056  -0.0214   0.0993   0.0219  -0.5766  -0.5766   0.8019   0.3256   0.7522   0.5540   0.8650  -0.6870   1.0000  -0.0792  -0.3299  -0.3539  -0.3539   0.0518  -0.0273  -0.1601   0.0429  -0.1173  -0.2564  -0.2979   0.1415  -0.1906   0.9605  -0.0635   0.1827  -0.1972   0.1240   0.0168   0.0769   0.7458   0.4769   0.1504
rrf          0.5644   0.6322   0.5275   0.9114   0.9460   0.7498   0.7013  -0.0835  -0.1415   0.1062   0.1062  -0.0971   0.1262  -0.1305  -0.1552  -0.0435   0.0906  -0.0792   1.0000   0.1564   0.5549   0.5549   0.2572   0.9753   0.4572   0.7415   0.5368   0.5644   0.5275  -0.1106   0.6322  -0.0555   0.9993   0.1711  -0.1698   0.0128  -0.1245  -0.0678  -0.1205  -0.1622  -0.8542
mc           0.8199   0.7701   0.8784  -0.2133  -0.1550  -0.3610   0.3555   0.0498  -0.2063   0.3412   0.3412  -0.3077  -0.3007  -0.5384   0.0815  -0.1303   0.4512  -0.3299   0.1564   1.0000   0.8010   0.8010   0.8929  -0.0364   0.8649   0.5180   0.8226   0.8199   0.8784   0.8456   0.7701  -0.2655   0.1494   0.2556   0.3166  -0.0241  -0.1335   0.0467  -0.2934   0.4666  -0.3855
zcap         0.9790   0.9667   0.9568   0.1966   0.2706  -0.0446   0.7025  -0.0469  -0.1643   0.5271   0.5271  -0.4714  -0.0328  -0.5144  -0.1994  -0.1921   0.4083  -0.3539   0.5549   0.8010   1.0000   1.0000   0.7398   0.3729   0.9349   0.8268   0.9520   0.9790   0.9568   0.4722   0.9667  -0.2299   0.5532   0.3160   0.1286  -0.0411  -0.1076  -0.0358  -0.4929   0.0533  -0.7586
rk           0.9790   0.9667   0.9568   0.1966   0.2706  -0.0446   0.7025  -0.0469  -0.1643   0.5271   0.5271  -0.4714  -0.0328  -0.5144  -0.1994  -0.1921   0.4083  -0.3539   0.5549   0.8010   1.0000   1.0000   0.7398   0.3729   0.9349   0.8268   0.9520   0.9790   0.9568   0.4722   0.9667  -0.2299   0.5532   0.3160   0.1286  -0.0411  -0.1076  -0.0358  -0.4929   0.0533  -0.7586
k            0.8326   0.8140   0.8555  -0.1068  -0.0345  -0.3124   0.4455  -0.0085  -0.2296   0.0058   0.0058   0.0674  -0.1450  -0.1724   0.2273   0.1640   0.1370   0.0518   0.2572   0.8929   0.7398   0.7398   1.0000   0.0702   0.9095   0.6752   0.8843   0.8326   0.8555   0.8685   0.8140   0.0619   0.2558   0.2571   0.1808  -0.0058  -0.1397  -0.0053   0.0682   0.7078  -0.4306
pk           0.3756   0.4511   0.3440   0.9735   0.9901   0.8609   0.5999  -0.0880  -0.1072   0.0474   0.0474  -0.0527   0.1964  -0.0506  -0.1620  -0.0408  -0.0061  -0.0273   0.9753  -0.0364   0.3729   0.3729   0.0702   1.0000   0.2658   0.5939   0.3473   0.3756   0.3440  -0.2632   0.4511  -0.0154   0.9765   0.1057  -0.2381   0.0143  -0.1063  -0.0727  -0.0764  -0.2498  -0.7593
c            0.9772   0.9594   0.9675   0.0711   0.1525  -0.1779   0.6299  -0.0969  -0.2182   0.2846   0.2846  -0.2410   0.0007  -0.3115  -0.0556  -0.0729   0.2049  -0.1601   0.4572   0.8649   0.9349   0.9349   0.9095   0.2658   1.0000   0.8138   0.9872   0.9772   0.9675   0.6579   0.9594  -0.0883   0.4580   0.2136   0.0967  -0.0414  -0.1320  -0.0783  -0.2524   0.3689  -0.6340
inve         0.8707   0.9170   0.7961   0.4637   0.5440   0.1899   0.8344  -0.0017  -0.1811   0.1141   0.1141  -0.0259   0.0121  -0.1290   0.0465   0.1325   0.1086   0.0429   0.7415   0.5180   0.8268   0.8268   0.6752   0.5939   0.8138   1.0000   0.8820   0.8707   0.7961   0.3068   0.9170   0.0885   0.7421   0.2807   0.0512   0.0003  -0.1245   0.0029  -0.0491   0.1823  -0.8355
y            0.9885   0.9857   0.9643   0.1627   0.2449  -0.1013   0.6982  -0.0603  -0.1983   0.2842   0.2842  -0.2063  -0.0067  -0.3082  -0.0380   0.0058   0.2359  -0.1173   0.5368   0.8226   0.9520   0.9520   0.8843   0.3473   0.9872   0.8820   1.0000   0.9885   0.9643   0.6101   0.9857  -0.0389   0.5372   0.3150   0.0980  -0.0266  -0.1235  -0.0485  -0.2279   0.3237  -0.7208
lab          1.0000   0.9917   0.9752   0.1903   0.2718  -0.0683   0.7052  -0.0789  -0.1933   0.3536   0.3536  -0.3136  -0.0344  -0.3934  -0.1404  -0.1230   0.3192  -0.2564   0.5644   0.8199   0.9790   0.9790   0.8326   0.3756   0.9772   0.8707   0.9885   1.0000   0.9752   0.5331   0.9917  -0.1762   0.5627   0.2771   0.1026  -0.0469  -0.1213  -0.0632  -0.3281   0.2166  -0.7477
pinf         0.9752   0.9588   1.0000   0.1573   0.2308  -0.0672   0.6142  -0.0391  -0.0958   0.3767   0.3767  -0.3462  -0.0751  -0.4718  -0.0902  -0.1587   0.3479  -0.2979   0.5275   0.8784   0.9568   0.9568   0.8555   0.3440   0.9675   0.7961   0.9643   0.9752   1.0000   0.6102   0.9588  -0.2163   0.5255   0.2650   0.1486  -0.0598  -0.0030  -0.0275  -0.3518   0.2663  -0.7050
w            0.5331   0.4961   0.6102  -0.3946  -0.3557  -0.4853   0.1267   0.1414  -0.1792   0.0483   0.0483   0.0905  -0.2444  -0.2094   0.4547   0.2882   0.1430   0.1415  -0.1106   0.8456   0.4722   0.4722   0.8685  -0.2632   0.6579   0.3068   0.6101   0.5331   0.6102   1.0000   0.4961   0.1801  -0.1117   0.3048   0.3081   0.0514  -0.1144   0.1204   0.0907   0.7763  -0.0848
